
Total awaiting time for all 100 vehicles = 1044.33 seconds
Medium awaiting time for one vehicle = 10.44 seconds 
Execution time: 2.55 minutes
Semaphore 0 times (in seconds): [15.02, 4.0, 10.01, 0, 0, 0, 0, 10.03, 26.05, 17.03, 0, 23.08, 6.02, 0, 0, 0, 0.0, 23.05, 6.01, 12.01, 18.02, 26.03, 0, 0, 0]
Semaphore 1 times (in seconds): [13.02, 2.0, 35.03, 30.02, 24.03, 18.03, 8.01, 41.04, 0, 0, 0, 26.03, 14.01, 24.04, 3.0, 8.01, 20.02, 0, 0, 0, 0, 19.02, 9.01, 25.03, 15.01]
Semaphore 2 times (in seconds): [2.0, 15.02, 8.01, 0, 0, 0, 0, 21.03, 5.0, 16.02, 26.04, 11.04, 0.0, 0, 0, 0, 0, 17.04, 6.01, 26.03, 23.03, 12.01, 0, 0, 0]
Semaphore 3 times (in seconds): [36.04, 25.03, 14.01, 42.04, 3.0, 31.05, 20.02, 9.01, 0, 0, 0, 0, 26.03, 9.01, 14.02, 21.02, 4.0, 0, 0, 0, 0, 9.01, 15.01, 21.02, 26.02]

Next Test

Total awaiting time for all 100 vehicles = 1020.12 seconds
Medium awaiting time for one vehicle = 10.20 seconds 
Execution time: 2.54 minutes
Semaphore 0 times (in seconds): [3.0, 15.01, 10.01, 0, 0, 0, 0, 26.05, 9.03, 17.02, 0.0, 23.03, 6.03, 0, 0, 0, 23.03, 0.0, 11.01, 4.0, 26.04, 17.02, 0, 0, 0]
Semaphore 1 times (in seconds): [13.01, 2.0, 40.04, 30.02, 24.02, 8.01, 36.03, 19.02, 0, 0, 0, 0, 14.01, 20.02, 3.0, 26.03, 9.01, 0, 0, 0, 0, 20.02, 25.03, 9.01, 14.02]
Semaphore 2 times (in seconds): [15.01, 9.01, 3.0, 0, 0, 0, 0, 22.03, 5.0, 26.03, 11.03, 17.02, 0, 0, 0, 0, 17.02, 23.03, 0.0, 5.0, 26.03, 12.01, 0, 0, 0]
Semaphore 3 times (in seconds): [36.03, 25.02, 14.01, 42.06, 3.0, 31.03, 20.02, 9.01, 0, 0, 0, 0, 26.03, 9.01, 15.01, 21.02, 4.0, 0, 0, 0, 0, 9.01, 15.02, 21.02, 26.03]

Next Test

Total awaiting time for all 100 vehicles = 1073.21 seconds
Medium awaiting time for one vehicle = 10.73 seconds 
Execution time: 2.55 minutes
Semaphore 0 times (in seconds): [15.01, 9.01, 4.0, 0, 0, 0, 0, 26.05, 9.03, 17.02, 0.0, 23.02, 6.0, 0, 0, 0, 22.03, 0, 11.01, 6.01, 26.04, 18.02, 0, 0, 0]
Semaphore 1 times (in seconds): [12.01, 2.0, 40.04, 30.03, 19.02, 8.01, 36.03, 25.03, 0, 0, 0, 26.03, 14.01, 8.03, 20.02, 3.0, 25.02, 0, 0, 0, 26.04, 26.02, 20.02, 9.01, 14.01]
Semaphore 2 times (in seconds): [15.02, 4.0, 10.01, 0, 0, 0, 0, 22.04, 11.01, 5.02, 16.01, 0.0, 26.02, 0, 0, 0, 0, 17.02, 5.0, 26.02, 23.03, 12.01, 0, 0, 0]
Semaphore 3 times (in seconds): [36.03, 25.04, 14.01, 42.04, 3.0, 31.03, 19.02, 9.01, 0, 0, 0, 0, 26.03, 9.01, 15.01, 21.02, 4.0, 0, 0, 0, 0, 9.01, 15.01, 21.02, 26.03]

Next Test

Total awaiting time for all 100 vehicles = 1045.31 seconds
Medium awaiting time for one vehicle = 10.45 seconds 
Execution time: 2.55 minutes
Semaphore 0 times (in seconds): [9.01, 4.0, 15.01, 0, 0, 0, 0, 26.02, 17.04, 0.0, 11.01, 23.03, 6.03, 0, 0, 0, 11.01, 23.05, 6.0, 26.09, 0.0, 18.02, 0, 0, 0]
Semaphore 1 times (in seconds): [13.01, 1.0, 23.03, 19.02, 8.01, 41.04, 36.04, 30.03, 0, 0, 0, 14.01, 24.03, 8.04, 20.05, 3.0, 26.02, 0, 0, 0, 0, 20.02, 8.01, 14.01, 26.04]
Semaphore 2 times (in seconds): [4.0, 15.02, 9.01, 0, 0, 0, 0, 22.03, 5.0, 0, 26.02, 17.04, 11.01, 0, 0, 0, 16.02, 5.0, 11.01, 0.0, 26.03, 23.04, 0, 0, 0]
Semaphore 3 times (in seconds): [36.03, 25.03, 14.02, 42.04, 3.0, 31.03, 20.02, 9.01, 0, 0, 0, 0, 26.03, 9.01, 15.02, 20.02, 4.0, 0, 0, 0, 0, 9.01, 15.01, 21.02, 26.03]

Next Test

Total awaiting time for all 100 vehicles = 1043.20 seconds
Medium awaiting time for one vehicle = 10.43 seconds 
Execution time: 2.54 minutes
Semaphore 0 times (in seconds): [15.01, 4.0, 8.01, 0, 0, 0, 0, 11.03, 26.03, 15.03, 0.0, 23.04, 6.02, 0, 0, 0, 0.0, 22.03, 26.02, 12.01, 18.01, 6.0, 0, 0, 0]
Semaphore 1 times (in seconds): [12.01, 7.01, 2.0, 41.04, 19.02, 35.03, 30.02, 24.04, 0, 0, 0, 20.02, 26.03, 3.0, 13.03, 26.05, 9.01, 0, 0, 0, 0, 20.02, 26.03, 9.01, 15.01]
Semaphore 2 times (in seconds): [3.0, 9.01, 15.01, 0, 0, 0, 0, 5.01, 16.02, 0, 26.03, 21.02, 11.02, 0, 0, 0, 16.01, 5.01, 22.02, 0.0, 26.05, 12.01, 0, 0, 0]
Semaphore 3 times (in seconds): [36.04, 25.02, 14.01, 42.04, 3.0, 31.03, 20.02, 9.01, 0, 0, 0, 0, 26.02, 9.01, 15.02, 21.02, 4.0, 0, 0, 0, 0, 9.01, 15.01, 21.02, 26.03]

Next Test
